{
 "cells": [
  {
   "cell_type": "code",
   "execution_count": 3,
   "id": "b8fa528f",
   "metadata": {},
   "outputs": [
    {
     "name": "stdout",
     "output_type": "stream",
     "text": [
      "\u001b[33mWARNING: Skipping /opt/homebrew/lib/python3.11/site-packages/six-1.16.0-py3.11.egg-info due to invalid metadata entry 'name'\u001b[0m\u001b[33m\n",
      "\u001b[0m\u001b[33mWARNING: Skipping /opt/homebrew/lib/python3.11/site-packages/six-1.16.0-py3.11.egg-info due to invalid metadata entry 'name'\u001b[0m\u001b[33m\n",
      "\u001b[0m\u001b[33mWARNING: Skipping /opt/homebrew/lib/python3.11/site-packages/cffi-1.15.1-py3.11.egg-info due to invalid metadata entry 'name'\u001b[0m\u001b[33m\n",
      "\u001b[0mRequirement already satisfied: numpy in /opt/homebrew/lib/python3.11/site-packages (1.24.3)\n",
      "\u001b[33mWARNING: Skipping /opt/homebrew/lib/python3.11/site-packages/six-1.16.0-py3.11.egg-info due to invalid metadata entry 'name'\u001b[0m\u001b[33m\n",
      "\u001b[0m\u001b[33mWARNING: Skipping /opt/homebrew/lib/python3.11/site-packages/cffi-1.15.1-py3.11.egg-info due to invalid metadata entry 'name'\u001b[0m\u001b[33m\n",
      "\u001b[0m\u001b[33mWARNING: Skipping /opt/homebrew/lib/python3.11/site-packages/six-1.16.0-py3.11.egg-info due to invalid metadata entry 'name'\u001b[0m\u001b[33m\n",
      "\u001b[0m\u001b[33mWARNING: Skipping /opt/homebrew/lib/python3.11/site-packages/six-1.16.0-py3.11.egg-info due to invalid metadata entry 'name'\u001b[0m\u001b[33m\n",
      "\u001b[0m\u001b[33mWARNING: Skipping /opt/homebrew/lib/python3.11/site-packages/six-1.16.0-py3.11.egg-info due to invalid metadata entry 'name'\u001b[0m\u001b[33m\n",
      "\u001b[0m\u001b[33mWARNING: Skipping /opt/homebrew/lib/python3.11/site-packages/six-1.16.0-py3.11.egg-info due to invalid metadata entry 'name'\u001b[0m\u001b[33m\n",
      "\u001b[0m\u001b[33mWARNING: Skipping /opt/homebrew/lib/python3.11/site-packages/six-1.16.0-py3.11.egg-info due to invalid metadata entry 'name'\u001b[0m\u001b[33m\n",
      "\u001b[0m\u001b[33mWARNING: Skipping /opt/homebrew/lib/python3.11/site-packages/cffi-1.15.1-py3.11.egg-info due to invalid metadata entry 'name'\u001b[0m\u001b[33m\n",
      "\u001b[0mCollecting spicy\n",
      "  Downloading spicy-0.16.0-py2.py3-none-any.whl (1.7 kB)\n",
      "Requirement already satisfied: scipy in /opt/homebrew/lib/python3.11/site-packages (from spicy) (1.11.1)\n",
      "Requirement already satisfied: numpy<1.28.0,>=1.21.6 in /opt/homebrew/lib/python3.11/site-packages (from scipy->spicy) (1.24.3)\n",
      "\u001b[33mWARNING: Skipping /opt/homebrew/lib/python3.11/site-packages/six-1.16.0-py3.11.egg-info due to invalid metadata entry 'name'\u001b[0m\u001b[33m\n",
      "\u001b[0m\u001b[33mWARNING: Skipping /opt/homebrew/lib/python3.11/site-packages/cffi-1.15.1-py3.11.egg-info due to invalid metadata entry 'name'\u001b[0m\u001b[33m\n",
      "\u001b[0mInstalling collected packages: spicy\n",
      "\u001b[33mWARNING: Skipping /opt/homebrew/lib/python3.11/site-packages/six-1.16.0-py3.11.egg-info due to invalid metadata entry 'name'\u001b[0m\u001b[33m\n",
      "\u001b[0m\u001b[33mWARNING: Skipping /opt/homebrew/lib/python3.11/site-packages/cffi-1.15.1-py3.11.egg-info due to invalid metadata entry 'name'\u001b[0m\u001b[33m\n",
      "\u001b[0mSuccessfully installed spicy-0.16.0\n",
      "\u001b[33mWARNING: Skipping /opt/homebrew/lib/python3.11/site-packages/six-1.16.0-py3.11.egg-info due to invalid metadata entry 'name'\u001b[0m\u001b[33m\n",
      "\u001b[0m\u001b[33mWARNING: Skipping /opt/homebrew/lib/python3.11/site-packages/six-1.16.0-py3.11.egg-info due to invalid metadata entry 'name'\u001b[0m\u001b[33m\n",
      "\u001b[0m\u001b[33mWARNING: Skipping /opt/homebrew/lib/python3.11/site-packages/six-1.16.0-py3.11.egg-info due to invalid metadata entry 'name'\u001b[0m\u001b[33m\n",
      "\u001b[0m\u001b[33mWARNING: Skipping /opt/homebrew/lib/python3.11/site-packages/six-1.16.0-py3.11.egg-info due to invalid metadata entry 'name'\u001b[0m\u001b[33m\n",
      "\u001b[0m\u001b[33mWARNING: Skipping /opt/homebrew/lib/python3.11/site-packages/six-1.16.0-py3.11.egg-info due to invalid metadata entry 'name'\u001b[0m\u001b[33m\n",
      "\u001b[0m\u001b[33mWARNING: Skipping /opt/homebrew/lib/python3.11/site-packages/cffi-1.15.1-py3.11.egg-info due to invalid metadata entry 'name'\u001b[0m\u001b[33m\n",
      "\u001b[0mRequirement already satisfied: matplotlib in /opt/homebrew/lib/python3.11/site-packages (3.7.2)\n",
      "Requirement already satisfied: contourpy>=1.0.1 in /opt/homebrew/lib/python3.11/site-packages (from matplotlib) (1.1.0)\n",
      "Requirement already satisfied: cycler>=0.10 in /opt/homebrew/lib/python3.11/site-packages (from matplotlib) (0.11.0)\n",
      "Requirement already satisfied: fonttools>=4.22.0 in /opt/homebrew/lib/python3.11/site-packages (from matplotlib) (4.42.1)\n",
      "Requirement already satisfied: kiwisolver>=1.0.1 in /opt/homebrew/lib/python3.11/site-packages (from matplotlib) (1.4.5)\n",
      "Requirement already satisfied: numpy>=1.20 in /opt/homebrew/lib/python3.11/site-packages (from matplotlib) (1.24.3)\n",
      "Requirement already satisfied: packaging>=20.0 in /opt/homebrew/lib/python3.11/site-packages (from matplotlib) (23.1)\n",
      "Requirement already satisfied: pillow>=6.2.0 in /opt/homebrew/lib/python3.11/site-packages (from matplotlib) (10.0.0)\n",
      "Requirement already satisfied: pyparsing<3.1,>=2.3.1 in /opt/homebrew/lib/python3.11/site-packages (from matplotlib) (3.0.9)\n",
      "Requirement already satisfied: python-dateutil>=2.7 in /opt/homebrew/lib/python3.11/site-packages (from matplotlib) (2.8.2)\n",
      "Requirement already satisfied: six>=1.5 in /opt/homebrew/lib/python3.11/site-packages (from python-dateutil>=2.7->matplotlib) (1.16.0)\n",
      "\u001b[33mWARNING: Skipping /opt/homebrew/lib/python3.11/site-packages/six-1.16.0-py3.11.egg-info due to invalid metadata entry 'name'\u001b[0m\u001b[33m\n",
      "\u001b[0m\u001b[33mWARNING: Skipping /opt/homebrew/lib/python3.11/site-packages/cffi-1.15.1-py3.11.egg-info due to invalid metadata entry 'name'\u001b[0m\u001b[33m\n",
      "\u001b[0m\u001b[33mWARNING: Skipping /opt/homebrew/lib/python3.11/site-packages/six-1.16.0-py3.11.egg-info due to invalid metadata entry 'name'\u001b[0m\u001b[33m\n",
      "\u001b[0m\u001b[33mWARNING: Skipping /opt/homebrew/lib/python3.11/site-packages/six-1.16.0-py3.11.egg-info due to invalid metadata entry 'name'\u001b[0m\u001b[33m\n",
      "\u001b[0m\u001b[33mWARNING: Skipping /opt/homebrew/lib/python3.11/site-packages/six-1.16.0-py3.11.egg-info due to invalid metadata entry 'name'\u001b[0m\u001b[33m\n",
      "\u001b[0m"
     ]
    }
   ],
   "source": [
    "!pip install numpy\n",
    "!pip install spicy\n",
    "!pip install matplotlib"
   ]
  },
  {
   "cell_type": "code",
   "execution_count": 4,
   "id": "3214be2b",
   "metadata": {},
   "outputs": [
    {
     "name": "stdout",
     "output_type": "stream",
     "text": [
      "[[0.125      0.04166667]\n",
      " [0.04166667 0.01388889]]\n",
      "[[0.12037037 0.04398148 0.02314815]\n",
      " [0.04398148 0.0162037  0.00856481]\n",
      " [0.02314815 0.00856481 0.00453704]]\n",
      "[[0.11284722 0.04386574 0.02395833 0.01522817]\n",
      " [0.04386574 0.01729167 0.00951389 0.00607474]\n",
      " [0.02395833 0.00951389 0.00525463 0.0033631 ]\n",
      " [0.01522817 0.00607474 0.0033631  0.00215561]]\n",
      "[[0.10522222 0.04279167 0.02404167 0.01558433 0.0109795 ]\n",
      " [0.04279167 0.01772222 0.01005357 0.00655655 0.00463856]\n",
      " [0.02404167 0.01005357 0.00573243 0.00375043 0.00265916]\n",
      " [0.01558433 0.00655655 0.00375043 0.00245862 0.00174563]\n",
      " [0.0109795  0.00463856 0.00265916 0.00174563 0.00124058]]\n",
      "[[0.09819444 0.04134524 0.02375595 0.01564749 0.01115807 0.00838715]\n",
      " [0.04134524 0.01778628 0.01033759 0.00685875 0.00491563 0.00370868]\n",
      " [0.02375595 0.01033759 0.00604521 0.00402641 0.00289347 0.00218736]\n",
      " [0.01564749 0.00685875 0.00402641 0.00268836 0.00193521 0.00146479]\n",
      " [0.01115807 0.00491563 0.00289347 0.00193521 0.00139471 0.0010566 ]\n",
      " [0.00838715 0.00370868 0.00218736 0.00146479 0.0010566  0.00080098]]\n",
      "[[0.09189693 0.03978195 0.02328063 0.01554033 0.01119579 0.00848445\n",
      "  0.00666773]\n",
      " [0.03978195 0.01764098 0.01045821 0.00703889 0.00510036 0.00388173\n",
      "  0.00306065]\n",
      " [0.02328063 0.01045821 0.00624327 0.0042207  0.0030678  0.00234019\n",
      "  0.00184847]\n",
      " [0.01554033 0.00703889 0.0042207  0.00286144 0.00208395 0.00159203\n",
      "  0.00125895]\n",
      " [0.01119579 0.00510036 0.0030678  0.00208395 0.00151983 0.00116227\n",
      "  0.00091985]\n",
      " [0.00848445 0.00388173 0.00234019 0.00159203 0.00116227 0.00088952\n",
      "  0.0007044 ]\n",
      " [0.00666773 0.00306065 0.00184847 0.00125895 0.00091985 0.0007044\n",
      "  0.00055807]]\n",
      "[[0.08629695 0.03821851 0.02271114 0.01533294 0.01114426 0.00850563\n",
      "  0.00672371 0.00545837]\n",
      " [0.03821851 0.0173753  0.01047254 0.00713474 0.00521879 0.00400207\n",
      "  0.00317531 0.00258535]\n",
      " [0.02271114 0.01047254 0.00636056 0.00435465 0.00319627 0.00245741\n",
      "  0.00195366 0.00159323]\n",
      " [0.01533294 0.00713474 0.00435465 0.00299075 0.00220007 0.00169431\n",
      "  0.00134873 0.00110105]\n",
      " [0.01114426 0.00521879 0.00319627 0.00220007 0.00162097 0.0012498\n",
      "  0.0009958  0.00081353]\n",
      " [0.00850563 0.00400207 0.00245741 0.00169431 0.0012498  0.00096447\n",
      "  0.00076899 0.00062858]\n",
      " [0.00672371 0.00317531 0.00195366 0.00134873 0.0009958  0.00076899\n",
      "  0.00061345 0.00050166]\n",
      " [0.00545837 0.00258535 0.00159323 0.00110105 0.00081353 0.00062858\n",
      "  0.00050166 0.00041038]]\n",
      "[[0.08131734 0.03670847 0.02210034 0.01506708 0.01103561 0.00847558\n",
      "  0.00673495 0.0054917  0.00456984]\n",
      " [0.03670847 0.01704154 0.01041699 0.00717161 0.00528903 0.00408306\n",
      "  0.00325756 0.00266479 0.00222334]\n",
      " [0.02210034 0.01041699 0.00642031 0.00444364 0.0032895  0.00254661\n",
      "  0.00203621 0.00166863 0.00139423]\n",
      " [0.01506708 0.00717161 0.00444364 0.00308613 0.00229014 0.00177619\n",
      "  0.00142223 0.00116683 0.00097587]\n",
      " [0.01103561 0.00528903 0.0032895  0.00229014 0.0017024  0.00132207\n",
      "  0.00105969 0.0008701  0.0007282 ]\n",
      " [0.00847558 0.00408306 0.00254661 0.00177619 0.00132207 0.00102771\n",
      "  0.00082438 0.00067732 0.00056715]\n",
      " [0.00673495 0.00325756 0.00203621 0.00142223 0.00105969 0.00082438\n",
      "  0.00066168 0.0005439  0.00045562]\n",
      " [0.0054917  0.00266479 0.00166863 0.00116683 0.0008701  0.00067732\n",
      "  0.0005439  0.00044727 0.00037479]\n",
      " [0.00456984 0.00222334 0.00139423 0.00097587 0.0007282  0.00056715\n",
      "  0.00045562 0.00037479 0.00031414]]\n",
      "[[0.0768758  0.03527503 0.02147816 0.01476841 0.01089047 0.00841076\n",
      "  0.0067147  0.00549702 0.00459004 0.00389462]\n",
      " [0.03527503 0.01667131 0.01031531 0.00716681 0.00532387 0.00413435\n",
      "  0.00331487 0.00272314 0.00228032 0.00193947]\n",
      " [0.02147816 0.01031531 0.00643869 0.00449886 0.00335546 0.00261364\n",
      "  0.00210055 0.00172888 0.00145003 0.00123492]\n",
      " [0.01476841 0.00716681 0.00449886 0.00315506 0.00235937 0.0018414\n",
      "  0.00148221 0.00122148 0.00102552 0.00087415]\n",
      " [0.01089047 0.00532387 0.00335546 0.00235937 0.00176765 0.00138154\n",
      "  0.00111328 0.00091827 0.00077153 0.00065806]\n",
      " [0.00841076 0.00413435 0.00261364 0.0018414  0.00138154 0.00108092\n",
      "  0.00087177 0.00071956 0.00060491 0.00051619]\n",
      " [0.0067147  0.00331487 0.00210055 0.00148221 0.00111328 0.00087177\n",
      "  0.00070356 0.00058102 0.00048867 0.00041715]\n",
      " [0.00549702 0.00272314 0.00172888 0.00122148 0.00091827 0.00071956\n",
      "  0.00058102 0.00048004 0.00040389 0.00034488]\n",
      " [0.00459004 0.00228032 0.00145003 0.00102552 0.00077153 0.00060491\n",
      "  0.00048867 0.00040389 0.00033991 0.00029033]\n",
      " [0.00389462 0.00193947 0.00123492 0.00087415 0.00065806 0.00051619\n",
      "  0.00041715 0.00034488 0.00029033 0.00024803]]\n",
      "[[0.07289723 0.03392632 0.02086174 0.01445303 0.01072242 0.00832236\n",
      "  0.00667214 0.00548192 0.00459181 0.00390688 0.00336749]\n",
      " [0.03392632 0.01628407 0.01018337 0.00713241 0.00533251 0.00416306\n",
      "  0.00335282 0.00276487 0.00232297 0.00198151 0.00171166]\n",
      " [0.02086174 0.01018337 0.00642711 0.00452853 0.00340018 0.00266304\n",
      "  0.00215016 0.00177673 0.00149528 0.00127729 0.00110468]\n",
      " [0.01445303 0.00713241 0.00452853 0.00320326 0.00241183 0.00189295\n",
      "  0.00153092 0.00126674 0.00106726 0.00091253 0.00078985]\n",
      " [0.01072242 0.00533251 0.00340018 0.00241183 0.00181958 0.00143028\n",
      "  0.00115812 0.0009592  0.0008088  0.00069201 0.00059932]\n",
      " [0.00832236 0.00416306 0.00266304 0.00189295 0.00143028 0.00112557\n",
      "  0.00091222 0.00075609 0.00063793 0.00054609 0.00047316]\n",
      " [0.00667214 0.00335282 0.00215016 0.00153092 0.00115812 0.00091222\n",
      "  0.00073984 0.00061357 0.00051793 0.00044356 0.00038445]\n",
      " [0.00548192 0.00276487 0.00177673 0.00126674 0.0009592  0.00075609\n",
      "  0.00061357 0.00050909 0.00042991 0.0003683  0.00031931]\n",
      " [0.00459181 0.00232297 0.00149528 0.00106726 0.0008088  0.00063793\n",
      "  0.00051793 0.00042991 0.00036316 0.0003112  0.00026988]\n",
      " [0.00390688 0.00198151 0.00127729 0.00091253 0.00069201 0.00054609\n",
      "  0.00044356 0.0003683  0.0003112  0.00026674 0.00023136]\n",
      " [0.00336749 0.00171166 0.00110468 0.00078985 0.00059932 0.00047316\n",
      "  0.00038445 0.00031931 0.00026988 0.00023136 0.00020072]]\n",
      "[[0.06931669 0.03266294 0.02026078 0.01413118 0.01054055 0.00821809\n",
      "  0.00661375 0.00545187 0.00457978 0.00390653 0.0033748  0.00294683]\n",
      " [0.03266294 0.01589199 0.01003195 0.00707695 0.00532164 0.00417448\n",
      "  0.00337565 0.00279342 0.0023541  0.00201344 0.00174339 0.00152534]\n",
      " [0.02026078 0.01003195 0.00639378 0.00453873 0.00342826 0.00269835\n",
      "  0.00218781 0.00181436 0.00153175 0.00131207 0.00113755 0.00099639]\n",
      " [0.01413118 0.00707695 0.00453873 0.00323511 0.00245078 0.00193329\n",
      "  0.00157026 0.00130408 0.00110226 0.00094512 0.00082011 0.00071888]\n",
      " [0.01054055 0.00532164 0.00342826 0.00245078 0.00186053 0.00147003\n",
      "  0.00119551 0.00099388 0.00084079 0.00072145 0.00062642 0.00054939]\n",
      " [0.00821809 0.00417448 0.00269835 0.00193329 0.00147003 0.00116291\n",
      "  0.00094666 0.00078763 0.00066674 0.00057242 0.00049726 0.00043629]\n",
      " [0.00661375 0.00337565 0.00218781 0.00157026 0.00119551 0.00094666\n",
      "  0.00077121 0.00064206 0.0005438  0.00046708 0.0004059  0.00035625]\n",
      " [0.00545187 0.00279342 0.00181436 0.00130408 0.00099388 0.00078763\n",
      "  0.00064206 0.0005348  0.00045315 0.00038936 0.00033847 0.00029715]\n",
      " [0.00457978 0.0023541  0.00153175 0.00110226 0.00084079 0.00066674\n",
      "  0.0005438  0.00045315 0.0003841  0.00033013 0.00028705 0.00025207]\n",
      " [0.00390653 0.00201344 0.00131207 0.00094512 0.00072145 0.00057242\n",
      "  0.00046708 0.00038936 0.00033013 0.00028382 0.00024684 0.00021679]\n",
      " [0.0033748  0.00174339 0.00113755 0.00082011 0.00062642 0.00049726\n",
      "  0.0004059  0.00033847 0.00028705 0.00024684 0.00021472 0.00018861]\n",
      " [0.00294683 0.00152534 0.00099639 0.00071888 0.00054939 0.00043629\n",
      "  0.00035625 0.00029715 0.00025207 0.00021679 0.00018861 0.00016571]]\n",
      "[[0.06607929 0.03148179 0.01968057 0.01380944 0.01035105 0.00810338\n",
      "  0.0065442  0.00541084 0.00455736 0.00389652 0.00337319 0.00295097\n",
      "  0.00260493]\n",
      " [0.03148179 0.01550265 0.00986845 0.00700657 0.00529621 0.00417259\n",
      "  0.0033866  0.00281144 0.00237591 0.00203713 0.0017678  0.00154976\n",
      "  0.00137054]\n",
      " [0.01968057 0.00986845 0.00634466 0.00453406 0.00344325 0.00272234\n",
      "  0.00221569 0.00184355 0.00156089 0.00134045 0.00116481 0.00102235\n",
      "  0.00090505]\n",
      " [0.01380944 0.00700657 0.00453406 0.00325402 0.00247876 0.00196437\n",
      "  0.00160174 0.00133472 0.00113149 0.00097272 0.00084603 0.00074314\n",
      "  0.00065834]\n",
      " [0.01035105 0.00529621 0.00344325 0.00247876 0.00189239 0.00150222\n",
      "  0.00122655 0.00102319 0.00086819 0.00074694 0.00065008 0.00057135\n",
      "  0.00050641]\n",
      " [0.00810338 0.00417259 0.00272234 0.00196437 0.00150222 0.00119403\n",
      "  0.00097592 0.0008148  0.00069184 0.00059557 0.00051861 0.00045601\n",
      "  0.00040433]\n",
      " [0.0065442  0.0033866  0.00221569 0.00160174 0.00122655 0.00097592\n",
      "  0.0007983  0.00066695 0.00056662 0.000488   0.00042512 0.00037393\n",
      "  0.00033166]\n",
      " [0.00541084 0.00281144 0.00184355 0.00133472 0.00102319 0.0008148\n",
      "  0.00066695 0.00055751 0.00047386 0.00040828 0.00035578 0.00031303\n",
      "  0.00027771]\n",
      " [0.00455736 0.00237591 0.00156089 0.00113149 0.00086819 0.00069184\n",
      "  0.00056662 0.00047386 0.00040292 0.00034726 0.00030269 0.00026639\n",
      "  0.00023639]\n",
      " [0.00389652 0.00203713 0.00134045 0.00097272 0.00074694 0.00059557\n",
      "  0.000488   0.00040828 0.00034726 0.00029938 0.00026102 0.00022976\n",
      "  0.00020392]\n",
      " [0.00337319 0.0017678  0.00116481 0.00084603 0.00065008 0.00051861\n",
      "  0.00042512 0.00035578 0.00030269 0.00026102 0.00022762 0.0002004\n",
      "  0.00017789]\n",
      " [0.00295097 0.00154976 0.00102235 0.00074314 0.00057135 0.00045601\n",
      "  0.00037393 0.00031303 0.00026639 0.00022976 0.0002004  0.00017646\n",
      "  0.00015666]\n",
      " [0.00260493 0.00137054 0.00090505 0.00065834 0.00050641 0.00040433\n",
      "  0.00033166 0.00027771 0.00023639 0.00020392 0.00017789 0.00015666\n",
      "  0.0001391 ]]\n",
      "[[0.06313892 0.03037803 0.01912377 0.01349201 0.01015815 0.00798209\n",
      "  0.00646688 0.0053618  0.00452711 0.00387907 0.00336462 0.00294864\n",
      "  0.00260701 0.0023227 ]\n",
      " [0.03037803 0.01512076 0.00969802 0.00692574 0.0052599  0.00416042\n",
      "  0.00338817 0.00282101 0.00239017 0.00205406 0.00178614 0.00156873\n",
      "  0.00138964 0.00124019]\n",
      " [0.01912377 0.00969802 0.00628412 0.00451799 0.00344788 0.00273718\n",
      "  0.00223558 0.00186575 0.0015839  0.00136343 0.00118728 0.00104406\n",
      "  0.00092586 0.00082708]\n",
      " [0.01349201 0.00692574 0.00451799 0.00326263 0.00249782 0.00198778\n",
      "  0.00162665 0.00135969 0.0011558  0.00099602 0.00086817 0.00076408\n",
      "  0.00067807 0.00060612]\n",
      " [0.01015815 0.0052599  0.00344788 0.00249782 0.00191671 0.00152803\n",
      "  0.00125217 0.00104787 0.0008916  0.00076897 0.00067073 0.00059066\n",
      "  0.00052446 0.00046903]\n",
      " [0.00798209 0.00416042 0.00273718 0.00198778 0.00152803 0.00121982\n",
      "  0.00100068 0.00083815 0.00071368 0.0006159  0.00053751 0.00047357\n",
      "  0.00042067 0.00037634]\n",
      " [0.00646688 0.00338817 0.00223558 0.00162665 0.00125217 0.00100068\n",
      "  0.00082162 0.00068866 0.00058673 0.0005066  0.00044231 0.00038984\n",
      "  0.0003464  0.00031   ]\n",
      " [0.0053618  0.00282101 0.00186575 0.00135969 0.00104787 0.00083815\n",
      "  0.00068866 0.00057754 0.0004923  0.00042524 0.00037141 0.00032745\n",
      "  0.00029105 0.00026052]\n",
      " [0.00452711 0.00239017 0.0015839  0.0011558  0.0008916  0.00071368\n",
      "  0.00058673 0.0004923  0.00041981 0.00036275 0.00031692 0.00027948\n",
      "  0.00024847 0.00022245]\n",
      " [0.00387907 0.00205406 0.00136343 0.00099602 0.00076897 0.0006159\n",
      "  0.0005066  0.00042524 0.00036275 0.00031354 0.00027399 0.00024168\n",
      "  0.0002149  0.00019244]\n",
      " [0.00336462 0.00178614 0.00118728 0.00086817 0.00067073 0.00053751\n",
      "  0.00044231 0.00037141 0.00031692 0.00027399 0.00023949 0.00021129\n",
      "  0.00018791 0.00016829]\n",
      " [0.00294864 0.00156873 0.00104406 0.00076408 0.00059066 0.00047357\n",
      "  0.00038984 0.00032745 0.00027948 0.00024168 0.00021129 0.00018644\n",
      "  0.00016584 0.00014854]\n",
      " [0.00260701 0.00138964 0.00092586 0.00067807 0.00052446 0.00042067\n",
      "  0.0003464  0.00029105 0.00024847 0.0002149  0.00018791 0.00016584\n",
      "  0.00014753 0.00013216]\n",
      " [0.0023227  0.00124019 0.00082708 0.00060612 0.00046903 0.00037634\n",
      "  0.00031    0.00026052 0.00022245 0.00019244 0.00016829 0.00014854\n",
      "  0.00013216 0.0001184 ]]\n",
      "[[0.06045696 0.02934617 0.0185914  0.01318153 0.00996476 0.00785698\n",
      "  0.00638429 0.00530694 0.00449097 0.00385588 0.00335059 0.00294116\n",
      "  0.00260427 0.00232342 0.0020866 ]\n",
      " [0.02934617 0.01474918 0.00952428 0.00683772 0.00521552 0.00414031\n",
      "  0.00338231 0.00282379 0.00239826 0.0020654  0.00179944 0.00158315\n",
      "  0.00140461 0.00125534 0.00112916]\n",
      " [0.0185914  0.00952428 0.00621541 0.00449318 0.0034443  0.00274462\n",
      "  0.00224888 0.00188212 0.00160175 0.00138182 0.00120567 0.00106212\n",
      "  0.0009434  0.000844   0.00075984]\n",
      " [0.01318153 0.00683772 0.00449318 0.00326303 0.00250959 0.00200484\n",
      "  0.00164602 0.00137983 0.00117589 0.00101561 0.00088703 0.00078209\n",
      "  0.00069521 0.00062237 0.00056066]\n",
      " [0.00996476 0.00521552 0.0034443  0.00250959 0.00193474 0.00154845\n",
      "  0.00127317 0.00106856 0.00091153 0.00078796 0.0006887  0.00060762\n",
      "  0.00054042 0.00048404 0.00043624]\n",
      " [0.00785698 0.00414031 0.00274462 0.00200484 0.00154845 0.00124104\n",
      "  0.00102156 0.00085817 0.00073263 0.00063372 0.00055421 0.0004892\n",
      "  0.00043529 0.00039003 0.00035163]\n",
      " [0.00638429 0.00338231 0.00224888 0.00164602 0.00127317 0.00102156\n",
      "  0.00084165 0.00070756 0.00060442 0.0005231  0.00045768 0.00040415\n",
      "  0.00035974 0.00032243 0.00029077]\n",
      " [0.00530694 0.00282379 0.00188212 0.00137983 0.00106856 0.00085817\n",
      "  0.00070756 0.00059519 0.00050869 0.00044044 0.0003855  0.00034053\n",
      "  0.00030319 0.00027182 0.00024519]\n",
      " [0.00449097 0.00239826 0.00160175 0.00117589 0.00091153 0.00073263\n",
      "  0.00060442 0.00050869 0.00043495 0.00037673 0.00032984 0.00029144\n",
      "  0.00025955 0.00023275 0.00020998]\n",
      " [0.00385588 0.0020654  0.00138182 0.00101561 0.00078796 0.00063372\n",
      "  0.0005231  0.00044044 0.00037673 0.00032641 0.00028585 0.00025264\n",
      "  0.00022504 0.00020184 0.00018212]\n",
      " [0.00335059 0.00179944 0.00120567 0.00088703 0.0006887  0.00055421\n",
      "  0.00045768 0.0003855  0.00032984 0.00028585 0.0002504  0.00022135\n",
      "  0.0001972  0.0001769  0.00015964]\n",
      " [0.00294116 0.00158315 0.00106212 0.00078209 0.00060762 0.0004892\n",
      "  0.00040415 0.00034053 0.00029144 0.00025264 0.00022135 0.0001957\n",
      "  0.00017438 0.00015645 0.00014121]\n",
      " [0.00260427 0.00140461 0.0009434  0.00069521 0.00054042 0.00043529\n",
      "  0.00035974 0.00030319 0.00025955 0.00022504 0.0001972  0.00017438\n",
      "  0.00015541 0.00013944 0.00012587]\n",
      " [0.00232342 0.00125534 0.000844   0.00062237 0.00048404 0.00039003\n",
      "  0.00032243 0.00027182 0.00023275 0.00020184 0.0001769  0.00015645\n",
      "  0.00013944 0.00012513 0.00011296]\n",
      " [0.0020866  0.00112916 0.00075984 0.00056066 0.00043624 0.00035163\n",
      "  0.00029077 0.00024519 0.00020998 0.00018212 0.00015964 0.00014121\n",
      "  0.00012587 0.00011296 0.00010199]]\n",
      "[[5.80009000e-02 2.83806566e-02 1.80835316e-02 1.28796295e-02\n",
      "  9.77288880e-03 7.73005386e-03 6.29828605e-03 5.24794772e-03\n",
      "  4.45042946e-03 3.82829447e-03 3.33226441e-03 2.92957645e-03\n",
      "  2.59765901e-03 2.32049556e-03 2.08643392e-03 1.88681394e-03]\n",
      " [2.83806566e-02 1.43895473e-02 9.34975069e-03 6.74493883e-03\n",
      "  5.16516372e-03 4.11406739e-03 3.37056907e-03 2.82108050e-03\n",
      "  2.40129313e-03 2.07213100e-03 1.80853237e-03 1.59372183e-03\n",
      "  1.41607358e-03 1.26729493e-03 1.14132479e-03 1.03363971e-03]\n",
      " [1.80835316e-02 9.34975069e-03 6.14097637e-03 4.46167568e-03\n",
      "  3.43420727e-03 2.74605534e-03 2.25676155e-03 1.89362893e-03\n",
      "  1.61524803e-03 1.39632707e-03 1.22057310e-03 1.07703826e-03\n",
      "  9.58109900e-04 8.58341713e-04 7.73742496e-04 7.01326485e-04]\n",
      " [1.28796295e-02 6.74493883e-03 4.46167568e-03 3.25685451e-03\n",
      "  2.51538426e-03 2.01659462e-03 1.66071518e-03 1.39585635e-03\n",
      "  1.19234091e-03 1.03198042e-03 9.03023161e-04 7.97552423e-04\n",
      "  7.10050802e-04 6.36563113e-04 5.74185707e-04 5.20742922e-04]\n",
      " [9.77288880e-03 5.16516372e-03 3.43420727e-03 2.51538426e-03\n",
      "  1.94753171e-03 1.56431418e-03 1.29020482e-03 1.08578474e-03\n",
      "  9.28442738e-04 8.04286242e-04 7.04319795e-04 6.22472067e-04\n",
      "  5.54504772e-04 4.97375209e-04 4.48846692e-04 4.07241334e-04]\n",
      " [7.73005386e-03 4.11406739e-03 2.74605534e-03 2.01659462e-03\n",
      "  1.56431418e-03 1.25834246e-03 1.03906171e-03 8.75272734e-04\n",
      "  7.49038916e-04 6.49318638e-04 5.68950574e-04 5.03094309e-04\n",
      "  4.48366521e-04 4.02335549e-04 3.63212067e-04 3.29652561e-04]\n",
      " [6.29828605e-03 3.37056907e-03 2.25676155e-03 1.66071518e-03\n",
      "  1.29020482e-03 1.03906171e-03 8.58796620e-04 7.23980098e-04\n",
      "  6.19966410e-04 5.37725968e-04 4.71394646e-04 4.17004231e-04\n",
      "  3.71778216e-04 3.33719260e-04 3.01356433e-04 2.73584483e-04]\n",
      " [5.24794772e-03 2.82108050e-03 1.89362893e-03 1.39585635e-03\n",
      "  1.08578474e-03 8.75272734e-04 7.23980098e-04 6.10714284e-04\n",
      "  5.23251863e-04 4.54047231e-04 3.98194695e-04 3.52371450e-04\n",
      "  3.14250625e-04 2.82157081e-04 2.54856350e-04 2.31420297e-04]\n",
      " [4.45042946e-03 2.40129313e-03 1.61524803e-03 1.19234091e-03\n",
      "  9.28442738e-04 7.49038916e-04 6.19966410e-04 5.23251863e-04\n",
      "  4.48515929e-04 3.89344658e-04 3.41564297e-04 3.02345559e-04\n",
      "  2.69705776e-04 2.42216709e-04 2.18825250e-04 1.98739215e-04]\n",
      " [3.82829447e-03 2.07213100e-03 1.39632707e-03 1.03198042e-03\n",
      "  8.04286242e-04 6.49318638e-04 5.37725968e-04 4.54047231e-04\n",
      "  3.89344658e-04 3.38090205e-04 2.96683818e-04 2.62683456e-04\n",
      "  2.34376788e-04 2.10529659e-04 1.90231630e-04 1.72797542e-04]\n",
      " [3.33226441e-03 1.80853237e-03 1.22057310e-03 9.03023161e-04\n",
      "  7.04319795e-04 5.68950574e-04 4.71394646e-04 3.98194695e-04\n",
      "  3.41564297e-04 2.96683818e-04 2.60412454e-04 2.30618433e-04\n",
      "  2.05806213e-04 1.84897387e-04 1.67096080e-04 1.51803129e-04]\n",
      " [2.92957645e-03 1.59372183e-03 1.07703826e-03 7.97552423e-04\n",
      "  6.22472067e-04 5.03094309e-04 4.17004231e-04 3.52371450e-04\n",
      "  3.02345559e-04 2.62683456e-04 2.30618433e-04 2.04271673e-04\n",
      "  1.82324492e-04 1.63825630e-04 1.48072793e-04 1.34537094e-04]\n",
      " [2.59765901e-03 1.41607358e-03 9.58109900e-04 7.10050802e-04\n",
      "  5.54504772e-04 4.48366521e-04 3.71778216e-04 3.14250625e-04\n",
      "  2.69705776e-04 2.34376788e-04 2.05806213e-04 1.82324492e-04\n",
      "  1.62759345e-04 1.46264820e-04 1.32216172e-04 1.20142777e-04]\n",
      " [2.32049556e-03 1.26729493e-03 8.58341713e-04 6.36563113e-04\n",
      "  4.97375209e-04 4.02335549e-04 3.33719260e-04 2.82157081e-04\n",
      "  2.42216709e-04 2.10529659e-04 1.84897387e-04 1.63825630e-04\n",
      "  1.46264820e-04 1.31457317e-04 1.18843437e-04 1.08001456e-04]\n",
      " [2.08643392e-03 1.14132479e-03 7.73742496e-04 5.74185707e-04\n",
      "  4.48846692e-04 3.63212067e-04 3.01356433e-04 2.54856350e-04\n",
      "  2.18825250e-04 1.90231630e-04 1.67096080e-04 1.48072793e-04\n",
      "  1.32216172e-04 1.18843437e-04 1.07450075e-04 9.76558458e-05]\n",
      " [1.88681394e-03 1.03363971e-03 7.01326485e-04 5.20742922e-04\n",
      "  4.07241334e-04 3.29652561e-04 2.73584483e-04 2.31420297e-04\n",
      "  1.98739215e-04 1.72797542e-04 1.51803129e-04 1.34537094e-04\n",
      "  1.20142777e-04 1.08001456e-04 9.76558458e-05 8.87612297e-05]]\n",
      "[[5.57433568e-02 2.74761039e-02 1.75996370e-02 1.25872313e-02\n",
      "  9.58390473e-03 7.60274177e-03 6.21023809e-03 5.18608626e-03\n",
      "  4.40664789e-03 3.79733274e-03 3.31058490e-03 2.91473016e-03\n",
      "  2.58790977e-03 2.31458787e-03 2.08344447e-03 1.88605397e-03\n",
      "  1.71602824e-03]\n",
      " [2.74761039e-02 1.40427184e-02 9.17621837e-03 6.64919280e-03\n",
      "  5.11046525e-03 4.08310726e-03 3.35415516e-03 2.81392772e-03\n",
      "  2.40018613e-03 2.07502971e-03 1.81410023e-03 1.60106113e-03\n",
      "  1.42456963e-03 1.27652054e-03 1.15097988e-03 1.04351191e-03\n",
      "  9.50740551e-04]\n",
      " [1.75996370e-02 9.17621837e-03 6.06263766e-03 4.42508039e-03\n",
      "  3.41893430e-03 2.74259590e-03 2.26014692e-03 1.90106032e-03\n",
      "  1.62506517e-03 1.40750837e-03 1.23247368e-03 1.08924423e-03\n",
      "  9.70353291e-04 8.70449026e-04 7.85602493e-04 7.12869560e-04\n",
      "  6.50004452e-04]\n",
      " [1.25872313e-02 6.64919280e-03 4.42508039e-03 3.24542861e-03\n",
      "  2.51628216e-03 2.02392644e-03 1.67146523e-03 1.40836960e-03\n",
      "  1.20566754e-03 1.04556028e-03 9.16521772e-04 8.10770613e-04\n",
      "  7.22872655e-04 6.48924862e-04 5.86056612e-04 5.32113249e-04\n",
      "  4.85448739e-04]\n",
      " [9.58390473e-03 5.11046525e-03 3.41893430e-03 2.51628216e-03\n",
      "  1.95592555e-03 1.57629922e-03 1.30383047e-03 1.10001498e-03\n",
      "  9.42708652e-04 8.18272390e-04 7.17854224e-04 6.35466454e-04\n",
      "  5.66920416e-04 5.09203065e-04 4.60095342e-04 4.17929610e-04\n",
      "  3.81430481e-04]\n",
      " [7.60274177e-03 4.08310726e-03 2.74259590e-03 2.02392644e-03\n",
      "  1.57629922e-03 1.27227669e-03 1.05363378e-03 8.89814524e-04\n",
      "  7.63205311e-04 6.62936005e-04 5.81939658e-04 5.15428841e-04\n",
      "  4.60050108e-04 4.13388376e-04 3.73663104e-04 3.39534935e-04\n",
      "  3.09978665e-04]\n",
      " [6.21023809e-03 3.35415516e-03 2.26014692e-03 1.67146523e-03\n",
      "  1.30383047e-03 1.05363378e-03 8.73412410e-04 7.38203968e-04\n",
      "  6.33592685e-04 5.50667900e-04 4.83628643e-04 4.28540399e-04\n",
      "  3.82644236e-04 3.43951359e-04 3.10994268e-04 2.82668242e-04\n",
      "  2.58127092e-04]\n",
      " [5.18608626e-03 2.81392772e-03 1.90106032e-03 1.40836960e-03\n",
      "  1.10001498e-03 8.89814524e-04 7.38203968e-04 6.24337925e-04\n",
      "  5.36160034e-04 4.66208387e-04 4.09619714e-04 3.63092243e-04\n",
      "  3.24308713e-04 2.91597409e-04 2.63723943e-04 2.39758491e-04\n",
      "  2.18988425e-04]\n",
      " [4.40664789e-03 2.40018613e-03 1.62506517e-03 1.20566754e-03\n",
      "  9.42708652e-04 7.63205311e-04 6.33592685e-04 5.36160034e-04\n",
      "  4.60651072e-04 4.00711114e-04 3.52194616e-04 3.12284755e-04\n",
      "  2.79003173e-04 2.50921712e-04 2.26985206e-04 2.06398412e-04\n",
      "  1.88551555e-04]\n",
      " [3.79733274e-03 2.07502971e-03 1.40750837e-03 1.04556028e-03\n",
      "  8.18272390e-04 6.62936005e-04 5.50667900e-04 4.66208387e-04\n",
      "  4.00711114e-04 3.48689922e-04 3.06562983e-04 2.71894794e-04\n",
      "  2.42973741e-04 2.18563536e-04 1.97750314e-04 1.79845014e-04\n",
      "  1.64319063e-04]\n",
      " [3.31058490e-03 1.81410023e-03 1.23247368e-03 9.16521772e-04\n",
      "  7.17854224e-04 5.81939658e-04 4.83628643e-04 4.09619714e-04\n",
      "  3.52194616e-04 3.06562983e-04 2.69595091e-04 2.39161552e-04\n",
      "  2.13765072e-04 1.92323641e-04 1.74037091e-04 1.58301853e-04\n",
      "  1.44654765e-04]\n",
      " [2.91473016e-03 1.60106113e-03 1.08924423e-03 8.10770613e-04\n",
      "  6.35466454e-04 5.15428841e-04 4.28540399e-04 3.63092243e-04\n",
      "  3.12284755e-04 2.71894794e-04 2.39161552e-04 2.12205642e-04\n",
      "  1.89704931e-04 1.70703589e-04 1.54494488e-04 1.40544056e-04\n",
      "  1.28442720e-04]\n",
      " [2.58790977e-03 1.42456963e-03 9.70353291e-04 7.22872655e-04\n",
      "  5.66920416e-04 4.60050108e-04 3.82644236e-04 3.24308713e-04\n",
      "  2.79003173e-04 2.42973741e-04 2.13765072e-04 1.89704931e-04\n",
      "  1.69616426e-04 1.52648409e-04 1.38170984e-04 1.25708711e-04\n",
      "  1.14896539e-04]\n",
      " [2.31458787e-03 1.27652054e-03 8.70449026e-04 6.48924862e-04\n",
      "  5.09203065e-04 4.13388376e-04 3.43951359e-04 2.91597409e-04\n",
      "  2.50921712e-04 2.18563536e-04 1.92323641e-04 1.70703589e-04\n",
      "  1.52648409e-04 1.37394875e-04 1.24377990e-04 1.13171182e-04\n",
      "  1.03446841e-04]\n",
      " [2.08344447e-03 1.15097988e-03 7.85602493e-04 5.86056612e-04\n",
      "  4.60095342e-04 3.73663104e-04 3.10994268e-04 2.63723943e-04\n",
      "  2.26985206e-04 1.97750314e-04 1.74037091e-04 1.54494488e-04\n",
      "  1.38170984e-04 1.24377990e-04 1.12605623e-04 1.02468830e-04\n",
      "  9.36718215e-05]\n",
      " [1.88605397e-03 1.04351191e-03 7.12869560e-04 5.32113249e-04\n",
      "  4.17929610e-04 3.39534935e-04 2.82668242e-04 2.39758491e-04\n",
      "  2.06398412e-04 1.79845014e-04 1.58301853e-04 1.40544056e-04\n",
      "  1.25708711e-04 1.13171182e-04 1.02468830e-04 9.32522036e-05\n",
      "  8.52528059e-05]\n",
      " [1.71602824e-03 9.50740551e-04 6.50004452e-04 4.85448739e-04\n",
      "  3.81430481e-04 3.09978665e-04 2.58127092e-04 2.18988425e-04\n",
      "  1.88551555e-04 1.64319063e-04 1.44654765e-04 1.28442720e-04\n",
      "  1.14896539e-04 1.03446841e-04 9.36718215e-05 8.52528059e-05\n",
      "  7.79449024e-05]]\n",
      "[[5.36610994e-02 2.66274710e-02 1.71388528e-02 1.23048096e-02\n",
      "  9.39872772e-03 7.47609148e-03 6.12118485e-03 5.12233176e-03\n",
      "  4.36051750e-03 3.76381379e-03 3.28628402e-03 2.89728280e-03\n",
      "  2.57562861e-03 2.30624459e-03 2.07812968e-03 1.88308453e-03\n",
      "  1.71488456e-03 1.56872760e-03]\n",
      " [2.66274710e-02 1.37090230e-02 9.00491989e-03 6.55182900e-03\n",
      "  5.05267356e-03 4.04853911e-03 3.33404279e-03 2.80317927e-03\n",
      "  2.39567167e-03 2.07474190e-03 1.81670890e-03 1.60566193e-03\n",
      "  1.43053509e-03 1.28340822e-03 1.15847382e-03 1.05138435e-03\n",
      "  9.58826173e-04 8.78233660e-04]\n",
      " [1.71388528e-02 9.00491989e-03 5.98178667e-03 4.38463942e-03\n",
      "  3.39955324e-03 2.73515152e-03 2.25980916e-03 1.90507024e-03\n",
      "  1.63176101e-03 1.41585015e-03 1.24179214e-03 1.09909999e-03\n",
      "  9.80454045e-04 8.80598936e-04 7.95670270e-04 7.22767812e-04\n",
      "  6.59676004e-04 6.04675851e-04]\n",
      " [1.23048096e-02 6.55182900e-03 4.38463942e-03 3.22979990e-03\n",
      "  2.51314964e-03 2.02755461e-03 1.67886700e-03 1.41787388e-03\n",
      "  1.21629364e-03 1.05671405e-03 9.27836204e-04 8.22017126e-04\n",
      "  7.33909410e-04 6.59665535e-04 5.96450951e-04 5.42134669e-04\n",
      "  4.95086255e-04 4.54038912e-04]\n",
      " [9.39872772e-03 5.05267356e-03 3.39955324e-03 2.51314964e-03\n",
      "  1.96063110e-03 1.58498423e-03 1.31452455e-03 1.11164360e-03\n",
      "  9.54661879e-04 8.30196663e-04 7.29544006e-04 6.46804490e-04\n",
      "  5.77843321e-04 5.19680802e-04 4.70118645e-04 4.27502108e-04\n",
      "  3.90563684e-04 3.58317534e-04]\n",
      " [7.47609148e-03 4.04853911e-03 2.73515152e-03 2.02755461e-03\n",
      "  1.58498423e-03 1.28330598e-03 1.06565405e-03 9.02110578e-04\n",
      "  7.75388451e-04 6.74794694e-04 5.93362484e-04 5.26362515e-04\n",
      "  4.70475580e-04 4.23306822e-04 3.83087493e-04 3.48484876e-04\n",
      "  3.18477221e-04 2.92269187e-04]\n",
      " [6.12118485e-03 3.33404279e-03 2.25980916e-03 1.67886700e-03\n",
      "  1.31452455e-03 1.06565405e-03 8.85804495e-04 7.50482850e-04\n",
      "  6.45509807e-04 5.62100511e-04 4.94523273e-04 4.38882422e-04\n",
      "  3.92440833e-04 3.53221700e-04 3.19763754e-04 2.90965082e-04\n",
      "  2.65980280e-04 2.44150843e-04]\n",
      " [5.12233176e-03 2.80317927e-03 1.90507024e-03 1.41787388e-03\n",
      "  1.11164360e-03 9.02110578e-04 7.50482850e-04 6.36268576e-04\n",
      "  5.47586431e-04 4.77065482e-04 4.19890980e-04 3.72787143e-04\n",
      "  3.33450306e-04 3.00215374e-04 2.71850607e-04 2.47426567e-04\n",
      "  2.26229753e-04 2.07704099e-04]\n",
      " [4.36051750e-03 2.39567167e-03 1.63176101e-03 1.21629364e-03\n",
      "  9.54661879e-04 7.75388451e-04 6.45509807e-04 5.47586431e-04\n",
      "  4.71493665e-04 4.10943367e-04 3.61824082e-04 3.21336128e-04\n",
      "  2.87509160e-04 2.58918041e-04 2.34507894e-04 2.13482300e-04\n",
      "  1.95229563e-04 1.79272744e-04]\n",
      " [3.76381379e-03 2.07474190e-03 1.41585015e-03 1.05671405e-03\n",
      "  8.30196663e-04 6.74794694e-04 5.62100511e-04 4.77065482e-04\n",
      "  4.10943367e-04 3.58296959e-04 3.15568229e-04 2.80332579e-04\n",
      "  2.50882531e-04 2.25982361e-04 2.04716917e-04 1.86394944e-04\n",
      "  1.70485290e-04 1.56573653e-04]\n",
      " [3.28628402e-03 1.81670890e-03 1.24179214e-03 9.27836204e-04\n",
      "  7.29544006e-04 5.93362484e-04 4.94523273e-04 4.19890980e-04\n",
      "  3.61824082e-04 3.15568229e-04 2.78010014e-04 2.47026481e-04\n",
      "  2.21121738e-04 1.99212645e-04 1.80496685e-04 1.64367435e-04\n",
      "  1.50358752e-04 1.38106917e-04]\n",
      " [2.89728280e-03 1.60566193e-03 1.09909999e-03 8.22017126e-04\n",
      "  6.46804490e-04 5.26362515e-04 4.38882422e-04 3.72787143e-04\n",
      "  3.21336128e-04 2.80332579e-04 2.47026481e-04 2.19541629e-04\n",
      "  1.96555346e-04 1.77109491e-04 1.60493883e-04 1.46171675e-04\n",
      "  1.33730073e-04 1.22846888e-04]\n",
      " [2.57562861e-03 1.43053509e-03 9.80454045e-04 7.33909410e-04\n",
      "  5.77843321e-04 4.70475580e-04 3.92440833e-04 3.33450306e-04\n",
      "  2.87509160e-04 2.50882531e-04 2.21121738e-04 1.96555346e-04\n",
      "  1.76004522e-04 1.58614994e-04 1.43753344e-04 1.30940603e-04\n",
      "  1.19808373e-04 1.10069040e-04]\n",
      " [2.30624459e-03 1.28340822e-03 8.80598936e-04 6.59665535e-04\n",
      "  5.19680802e-04 4.23306822e-04 3.53221700e-04 3.00215374e-04\n",
      "  2.58918041e-04 2.25982361e-04 1.99212645e-04 1.77109491e-04\n",
      "  1.58614994e-04 1.42962243e-04 1.29582421e-04 1.18045287e-04\n",
      "  1.08019833e-04 9.92475772e-05]\n",
      " [2.07812968e-03 1.15847382e-03 7.95670270e-04 5.96450951e-04\n",
      "  4.70118645e-04 3.83087493e-04 3.19763754e-04 2.71850607e-04\n",
      "  2.34507894e-04 2.04716917e-04 1.80496685e-04 1.60493883e-04\n",
      "  1.43753344e-04 1.29582421e-04 1.17467235e-04 1.07018997e-04\n",
      "  9.79385232e-05 8.99921330e-05]\n",
      " [1.88308453e-03 1.05138435e-03 7.22767812e-04 5.42134669e-04\n",
      "  4.27502108e-04 3.48484876e-04 2.90965082e-04 2.47426567e-04\n",
      "  2.13482300e-04 1.86394944e-04 1.64367435e-04 1.46171675e-04\n",
      "  1.30940603e-04 1.18045287e-04 1.07018997e-04 9.75085373e-05\n",
      "  8.92420565e-05 8.20071808e-05]\n",
      " [1.71488456e-03 9.58826173e-04 6.59676004e-04 4.95086255e-04\n",
      "  3.90563684e-04 3.18477221e-04 2.65980280e-04 2.26229753e-04\n",
      "  1.95229563e-04 1.70485290e-04 1.50358752e-04 1.33730073e-04\n",
      "  1.19808373e-04 1.08019833e-04 9.79385232e-05 8.92420565e-05\n",
